404 568
405 569
407 570
409 570
416 572
418 572
418 572
417 573
422 573
429 573
430 574
430 574
430 574
431 575
430 575
430 575
429 573
429 572
429 568
429 568
429 568
429 568
455 571
468 571
477 570
489 565
499 565
501 565
504 565
519 565
525 564
542 566
542 565
545 563
554 559
553 559
568 558
576 558
580 557
595 557
602 558
607 558
610 557
620 562
624 561
632 561
636 560
641 560
645 559
649 560
655 560
656 561
660 562
668 563
669 562
669 562
669 562
669 562
669 562
669 564
668 564
667 566
667 566
667 567
667 567
674 567
684 573
687 573
687 569
686 571
686 572
692 574
692 574
689 575
691 572
693 572
693 572
690 574
690 574
690 574
692 576
696 576
697 576
700 575
703 576
704 577
704 577
704 577
704 577
702 577
703 577
707 578
707 578
705 579
705 579
703 577
706 576
706 576
706 576
701 572
700 572
701 572
701 572
703 571
703 572
706 572
709 572
709 572
709 572
711 572
711 572
712 573
707 566
707 567
706 568
702 565
704 564
704 564
709 568
706 563
705 563
705 564
705 564
701 565
701 565
698 564
691 563
687 562
688 561
692 562
693 564
693 565
694 568
702 571
702 571
697 569
697 569
698 570
698 570
699 569
700 569
700 570
694 571
689 570
686 570
684 571
680 570
665 570
664 571
655 568
649 570
646 568
645 569
640 569
628 568
630 568
626 569
621 569
620 569
611 566
606 566
600 567
597 568
593 570
583 565
575 565
565 566
559 568
559 568
558 569
550 569
536 566
520 566
508 568
506 569
491 568
488 569
475 568
475 566
473 566
472 568
469 569
462 566
461 566
450 564
444 566
445 567
442 565
447 568
448 568
448 568
449 568
449 568
449 568
450 568
450 569
459 567
460 566
468 564
468 564
476 562
489 557
493 562
492 561
514 558
522 559
522 559
535 566
547 565
552 565
553 565
556 564
568 565
596 565
612 567
621 566
645 562
647 561
672 564
690 564
703 563
707 561
725 565
731 566
741 568
760 566
782 565
788 562
798 563
836 566
839 565
849 567
858 567
858 567
859 567
859 561
862 563
862 565
862 566
861 566
857 566
857 566
846 562
847 562
846 562
831 560
819 559
819 559
816 560
813 560
809 562
802 560
792 561
786 562
786 564
781 565
781 565
776 566
759 568
750 567
739 567
728 567
719 566
716 567
710 568
710 569
705 568
708 568
699 568
699 568
699 568
699 568
697 567
696 567
690 568
689 567
687 564
687 564
684 567
684 567
684 567
679 568
677 567
677 567
676 566
673 567
670 567
668 567
668 567
664 569
658 570
658 569
659 568
659 566
648 568
645 566
641 564
639 566
639 567
636 567
633 568
631 567
631 567
628 565
618 570
614 564
611 566
608 570
606 567
597 570
599 570
595 567
593 568
594 567
594 567
592 565
584 565
583 568
583 568
580 568
580 568
579 568
576 562
576 564
575 566
568 567
568 566
568 566
568 566
567 568
567 568
567 568
568 568
565 569
563 567
563 566
562 566
562 566
561 566
560 567
559 568
554 567
553 565
553 566
552 570
557 569
556 568
556 567
557 568
558 568
